#Acceler       1       2       3       4       5       6       7       8       9      10      11      12      13      14average yerr
       0   0.131   0.084  0.0939   0.085  0.0969  0.0969  0.0972  0.1093  0.1091  0.1091  0.1199  0.1107  0.1113  0.11110.1046710.013051
       1   0.647  0.0967    0.11  0.1001  0.1001  0.1007  0.1097  0.1099  0.0965  0.1242  0.0934  0.0931  0.0783  0.09140.1393640.146511
       2    0.22  0.2315  0.2171  0.2172  0.1846  0.2132  0.1744  0.1935  0.1841  0.1842   0.167  0.1868  0.1863  0.16410.1945710.021338
       3  0.0883  0.0985  0.0744  0.1419  0.0849   0.085  0.0931  0.0926   0.093  0.1427  0.1431  0.2043  0.2258  0.18610.1252640.049627
       4  0.1051  0.0847  0.0934  0.0936  0.0936  0.0991  0.0885  0.0881  0.1103  0.0913  0.0914  0.1302  0.2167  0.23560.1158290.048299
       5  0.1201  0.0922  0.1291  0.0941  0.1132  0.1151  0.1683  0.1226  0.1376  0.0768  0.1448  0.0928  0.0794  0.09740.1131070.026255
       6    0.07  0.0702  0.0854  0.0645  0.0777  0.0772  0.0769  0.0674  0.0758  0.0846   0.085  0.0845  0.0715  0.08180.0766070.007046
       7  0.0961  0.0751  0.0834  0.0835  0.0968  0.0773  0.0856  0.0855  0.0538  0.0695  0.0695  0.0565  0.0662  0.06670.0761070.013222
       8   0.067  0.0676   0.068  0.0878  0.0647  0.0739  0.0639  0.0784  0.0782  0.0819  0.0686  0.0686  0.2317  0.28340.0988360.068357
       9  0.0763  0.0762  0.0906  0.0843  0.0843  0.0726  0.0818  0.1294  0.1298  0.1302  0.0956  0.1092  0.1659  0.1851 0.107950.035366
      10  0.1517  0.1939  0.2423  0.2227  0.2513  0.2165   0.193  0.2442  0.1956  0.1788  0.2258  0.1821  0.2419  0.16560.2075290.031843
      11  0.0725  0.1272  0.1432  0.1686  0.0789  0.0899  0.0712  0.0829  0.1674   0.069   0.161  0.0849  0.1766  0.09330.1133290.041709
      12  0.0866  0.0881  0.1457  0.2081  0.1862  0.0995  0.0953  0.0761  0.0783  0.0787  0.0792  0.0795  0.0798  0.09050.1051140.042993
      13  0.0763  0.0764  0.0768  0.0599  0.0749   0.075  0.0832  0.0715  0.0713  0.0714  0.0719  0.0718  0.0721  0.08020.0737640.005371
      14  0.0993  0.0843  0.0979   0.107  0.1068  0.1148  0.0891  0.1452  0.1189  0.0993   0.099  0.0996  0.0994  0.08760.1034430.015379
      15  0.0711  0.0709   0.088  0.0881  0.0844  0.1042  0.0931  0.0929  0.0924  0.0786  0.0779  0.1002  0.0805  0.08090.0859430.010036
      16  0.2015  0.2164  0.2018  0.2232  0.2167  0.2026  0.2182  0.1907  0.2148  0.2231  0.1971  0.2308   0.213  0.19480.2103360.012173
      17  0.1064  0.1901  0.1585  0.1085  0.1081  0.1084  0.1085  0.1275   0.157  0.1158  0.1156  0.0811  0.0814  0.11020.1197930.029978
      18  0.1036  0.1115  0.0973  0.1343  0.1036  0.0973  0.1343  0.1217  0.1032  0.1115  0.0931  0.1101  0.1096  0.10010.1093710.012864
      19  0.2215   0.231  0.2096  0.1993  0.1205  0.1493  0.1496  0.1621  0.0922  0.1099  0.2685  0.2688  0.2684  0.26870.1942430.063538
      20  0.2216  0.1822  0.2181  0.2128  0.1625  0.2019   0.166  0.2196  0.2069  0.2078  0.2084  0.1975  0.2264  0.19530.2019290.019762
      21  0.1446  0.2021  0.1819   0.143  0.1446  0.1072  0.1863  0.1859  0.1092   0.223  0.2045   0.165  0.1023  0.10250.1572930.041374
      22   0.214  0.1646   0.177  0.1679  0.1682  0.1844  0.1748   0.174  0.1399  0.2195  0.1046  0.2146   0.167  0.15520.1732640.030344
      23  0.1405  0.1851  0.1704  0.1507   0.158  0.1817  0.1989  0.2093  0.2088  0.1921  0.1773  0.2047  0.1405  0.16170.1771210.024198
      24  0.1281  0.0954  0.1192  0.1036  0.1126  0.1121  0.1123  0.1119  0.1119  0.1021  0.1111  0.1107  0.1104  0.11310.111036 0.00759
      25  0.0996  0.0996  0.0841  0.0987  0.0983  0.1112  0.0962  0.0958  0.0962  0.0964  0.1087  0.0969  0.1127  0.11230.1004790.008025
      26  0.0975  0.0978  0.1074  0.1077  0.1182  0.1012  0.1008  0.1006  0.0991  0.0874  0.0875  0.0844  0.0937  0.09320.0983210.009049
      27  0.1647  0.1475  0.1472  0.1573  0.1576  0.1545  0.1504    0.15  0.1645   0.143  0.1433   0.169  0.1691   0.1840.1572930.011777
      28  0.0771  0.1694  0.1989  0.1963  0.2142  0.2143  0.2261  0.2287  0.1874  0.2133  0.2131  0.2136  0.1868  0.12140.1900430.042628
      29  0.2403  0.2405  0.2552  0.2899  0.2318  0.1597  0.2397  0.2394  0.2244  0.1988  0.1842  0.1929   0.193   0.1830.2194860.035166
      30  0.0919  0.0922  0.0921  0.1014  0.0993  0.0822  0.0926  0.0999  0.0855  0.0858  0.0862  0.0717  0.1011   0.0930.0910640.008314
      31  0.0764  0.0967  0.0831   0.096  0.0952  0.0954  0.0853  0.0764  0.1058  0.0737  0.0735  0.0739  0.0829   0.0830.0855210.010532
