#Accelermeasuremmeasuremmeasurem
    0.00  0.0502  0.0492  0.0493  0.0544  0.0563  0.0519  0.0033
    1.00  0.0658  0.0659  0.0510  0.0630  0.0527  0.0597  0.0073
    2.00  0.0544  0.0674  0.0677  0.0553  0.0501  0.0590  0.0081
    3.00  0.0493  0.0691  0.0498  0.0497  0.0531  0.0542  0.0085
    4.00  0.0510  0.0515  0.0499  0.0658  0.0655  0.0567  0.0082
    5.00  0.0919  0.0924  0.0986  0.0893  0.0902  0.0925  0.0036
    6.00  0.0737  0.0679  0.0888  0.0759  0.0763  0.0765  0.0076
    7.00  0.0658  0.0653  0.0701  0.0889  0.0515  0.0683  0.0135
    8.00  0.0667  0.0660  0.0802  0.0765  0.0570  0.0693  0.0092
    9.00  0.0700  0.0852  0.0771  0.0588  0.0630  0.0708  0.0106
   10.00  0.0779  0.0863  0.0859  0.0859  0.0672  0.0806  0.0083
   11.00  0.0789  0.0603  0.0727  0.0606  0.0891  0.0723  0.0123
   12.00  0.0646  0.0776  0.0752  0.0742  0.0649  0.0713  0.0061
   13.00  0.0559  0.0721  0.0704  0.0494  0.0636  0.0623  0.0096
   14.00  0.0528  0.0525  0.0494  0.0330  0.0456  0.0467  0.0082
   15.00  0.0511  0.0382  0.0382  0.0383  0.0381  0.0408  0.0058
   16.00  0.0428  0.0556  0.0560  0.0564  0.0561  0.0534  0.0059
   17.00  0.0347  0.0263  0.0479  0.0438  0.0434  0.0392  0.0087
   18.00  0.0517  0.0426  0.0464  0.0557  0.0552  0.0503  0.0057
   19.00  0.0441  0.0305  0.0311  0.0423  0.0419  0.0380  0.0066
   20.00  0.0457  0.0362  0.0367  0.0388  0.0392  0.0393  0.0038
   21.00  0.0459  0.0457  0.0453  0.0443  0.0447  0.0452  0.0007
   22.00  0.0367  0.0509  0.0520  0.0527  0.0518  0.0488  0.0068
   23.00  0.0406  0.0402  0.0406  0.0404  0.0412  0.0406  0.0004
   24.00  0.0403  0.0403  0.0403  0.0405  0.0407  0.0404  0.0002
   25.00  0.0520  0.0559  0.0553  0.0404  0.0410  0.0489  0.0077
   26.00  0.0397  0.0558  0.0560  0.0672  0.0680  0.0573  0.0115
   27.00  0.0433  0.0435  0.0438  0.0349  0.0532  0.0437  0.0065
   28.00  0.0455  0.0558  0.0399  0.0379  0.0289  0.0416  0.0099
   29.00  0.0429  0.0434  0.0321  0.0508  0.0514  0.0441  0.0078
   30.00  0.0548  0.0549  0.0548  0.0541  0.0489  0.0535  0.0026
   31.00  0.0402  0.0402  0.0284  0.0414  0.0316  0.0364  0.0059
