#Accelermeasuremmeasuremmeasuremm
    0.00  0.0714  0.0715  0.0715  0.0001
    1.00  0.1014  0.0898  0.0956  0.0082
    2.00  0.0753  0.1053  0.0903  0.0212
    3.00  0.0834  0.0540  0.0687  0.0208
    4.00  0.1090  0.1125  0.1108  0.0025
    5.00  0.0979  0.0904  0.0942  0.0053
    6.00  0.0872  0.0857  0.0865  0.0011
    7.00  0.1041  0.1040  0.1041  0.0001
    8.00  0.1034  0.1028  0.1031  0.0004
    9.00  0.1065  0.0974  0.1020  0.0064
   10.00  0.1022  0.0972  0.0997  0.0035
   11.00  0.1157  0.1065  0.1111  0.0065
   12.00  0.1183  0.1037  0.1110  0.0103
   13.00  0.1042  0.1144  0.1093  0.0072
   14.00  0.1114  0.0990  0.1052  0.0088
   15.00  0.1143  0.1027  0.1085  0.0082
   16.00  0.1111  0.1118  0.1115  0.0005
   17.00  0.1114  0.1326  0.1220  0.0150
   18.00  0.1267  0.1252  0.1260  0.0011
   19.00  0.1122  0.1288  0.1205  0.0117
   20.00  0.1285  0.1321  0.1303  0.0025
   21.00  0.1270  0.1152  0.1211  0.0083
   22.00  0.1373  0.1468  0.1421  0.0067
   23.00  0.1399  0.1451  0.1425  0.0037
   24.00  0.1270  0.1255  0.1263  0.0011
   25.00  0.1220  0.1180  0.1200  0.0028
   26.00  0.1115  0.1461  0.1288  0.0245
   27.00  0.1382  0.1354  0.1368  0.0020
   28.00  0.1431  0.1487  0.1459  0.0040
   29.00  0.1474  0.1520  0.1497  0.0033
   30.00  0.1577  0.1681  0.1629  0.0074
   31.00  0.1723  0.1573  0.1648  0.0106
