#Accelermeasuremmeasuremmea
    0.00  0.0484  0.0490  0.0487  0.0004
    1.00  0.0455  0.0461  0.0458  0.0004
    2.00  0.0425  0.0442  0.0434  0.0012
    3.00  0.0540  0.0530  0.0535  0.0007
    4.00  0.0537  0.0531  0.0534  0.0004
    5.00  0.0505  0.0496  0.0501  0.0006
    6.00  0.0579  0.0581  0.0580  0.0001
    7.00  0.0572  0.0659  0.0616  0.0062
    8.00  0.0477  0.0476  0.0477  0.0001
    9.00  0.0516  0.0442  0.0479  0.0052
   10.00  0.0826  0.0836  0.0831  0.0007
   11.00  0.0703  0.0702  0.0703  0.0001
   12.00  0.0586  0.0568  0.0577  0.0013
   13.00  0.0694  0.0483  0.0589  0.0149
   14.00  0.0608  0.0483  0.0546  0.0088
   15.00  0.0545  0.0678  0.0612  0.0094
   16.00  0.0680  0.0662  0.0671  0.0013
   17.00  0.0452  0.0783  0.0618  0.0234
   18.00  0.0655  0.0614  0.0635  0.0029
   19.00  0.0505  0.0512  0.0509  0.0005
   20.00  0.0568  0.0666  0.0617  0.0069
   21.00  0.0526  0.0393  0.0460  0.0094
   22.00  0.0313  0.0387  0.0350  0.0052
   23.00  0.0948  0.1037  0.0993  0.0063
   24.00  0.0923  0.0800  0.0862  0.0087
   25.00  0.0724  0.0931  0.0828  0.0146
   26.00  0.0890  0.0866  0.0878  0.0017
   27.00  0.0762  0.0758  0.0760  0.0003
   28.00  0.0851  0.0634  0.0743  0.0153
   29.00  0.0752  0.0945  0.0849  0.0136
   30.00  0.0838  0.0724  0.0781  0.0081
   31.00  0.0755  0.0781  0.0768  0.0018
