#Accelermeasuremmeasuremmeasu
    0.00  0.1156  0.1354  0.1255  0.0140
    1.00  0.1030  0.1189  0.1110  0.0112
    2.00  0.1373  0.1234  0.1304  0.0098
    3.00  0.1073  0.1189  0.1131  0.0082
    4.00  0.1093  0.1178  0.1136  0.0060
    5.00  0.1436  0.1084  0.1260  0.0249
    6.00  0.1278  0.1179  0.1229  0.0070
    7.00  0.0897  0.1042  0.0970  0.0103
    8.00  0.0999  0.1087  0.1043  0.0062
    9.00  0.0996  0.0892  0.0944  0.0074
   10.00  0.0945  0.1004  0.0975  0.0042
   11.00  0.0858  0.0804  0.0831  0.0038
   12.00  0.0952  0.1056  0.1004  0.0074
   13.00  0.1080  0.1000  0.1040  0.0057
   14.00  0.1144  0.1281  0.1213  0.0097
   15.00  0.1301  0.1396  0.1349  0.0067
   16.00  0.1367  0.1449  0.1408  0.0058
   17.00  0.1203  0.1344  0.1274  0.0100
   18.00  0.1202  0.1072  0.1137  0.0092
   19.00  0.1166  0.1210  0.1188  0.0031
   20.00  0.1117  0.1100  0.1109  0.0012
   21.00  0.1115  0.1080  0.1098  0.0025
   22.00  0.1104  0.0954  0.1029  0.0106
   23.00  0.0861  0.1107  0.0984  0.0174
   24.00  0.1196  0.1267  0.1232  0.0050
   25.00  0.1267  0.0911  0.1089  0.0252
   26.00  0.1185  0.1383  0.1284  0.0140
   27.00  0.0991  0.1289  0.1140  0.0211
   28.00  0.1293  0.0997  0.1145  0.0209
   29.00  0.1378  0.1375  0.1377  0.0002
   30.00  0.1200  0.1062  0.1131  0.0098
   31.00  0.1018  0.1023  0.1021  0.0004
