#Accelermeasuremmeasuremmeas
    0.00  0.1388  0.1497  0.0109
    1.00  0.1323  0.1284  0.0039
    2.00  0.1438  0.1316  0.0123
    3.00  0.1510  0.1591  0.0081
    4.00  0.1721  0.1734  0.0013
    5.00  0.1881  0.1785  0.0096
    6.00  0.1730  0.1805  0.0075
    7.00  0.1716  0.1778  0.0062
    8.00  0.1526  0.1775  0.0249
    9.00  0.1810  0.1769  0.0042
   10.00  0.1731  0.1822  0.0091
   11.00  0.1738  0.1813  0.0075
   12.00  0.1536  0.1649  0.0113
   13.00  0.2222  0.2185  0.0037
   14.00  0.1980  0.1954  0.0026
   15.00  0.1404  0.1197  0.0207
   16.00  0.1324  0.1242  0.0082
   17.00  0.3046  0.2775  0.0271
   18.00  0.2398  0.2296  0.0103
   19.00  0.1055  0.1446  0.0390
   20.00  0.2093  0.2055  0.0039
   21.00  0.1680  0.1625  0.0056
   22.00  0.1426  0.1283  0.0144
   23.00  0.1805  0.1959  0.0154
   24.00  0.1910  0.1685  0.0226
   25.00  0.1398  0.1460  0.0062
   26.00  0.1189  0.1185  0.0004
   27.00  0.2428  0.1812  0.0616
   28.00  0.1658  0.1542  0.0116
   29.00  0.1284  0.1459  0.0175
   30.00  0.1405  0.1342  0.0064
   31.00  0.1113  0.1324  0.0211
