#Accelermeasuremmeasuremmeas
    0.00  0.0956  0.0901  0.0929  0.0039
    1.00  0.0988  0.1094  0.1041  0.0075
    2.00  0.1045  0.0962  0.1004  0.0059
    3.00  0.1430  0.1326  0.1378  0.0074
    4.00  0.1485  0.1144  0.1315  0.0241
    5.00  0.1792  0.1532  0.1662  0.0184
    6.00  0.1506  0.1380  0.1443  0.0089
    7.00  0.1157  0.1164  0.1161  0.0005
    8.00  0.1536  0.1288  0.1412  0.0175
    9.00  0.1154  0.1155  0.1155  0.0001
   10.00  0.1141  0.1319  0.1230  0.0126
   11.00  0.1133  0.1089  0.1111  0.0031
   12.00  0.1003  0.0944  0.0974  0.0042
   13.00  0.1019  0.1018  0.1019  0.0001
   14.00  0.1229  0.0884  0.1057  0.0244
   15.00  0.1262  0.1380  0.1321  0.0083
   16.00  0.1278  0.1302  0.1290  0.0017
   17.00  0.1774  0.1267  0.1521  0.0359
   18.00  0.1451  0.1309  0.1380  0.0100
   19.00  0.0796  0.0962  0.0879  0.0117
   20.00  0.1123  0.0866  0.0995  0.0182
   21.00  0.0500  0.0541  0.0521  0.0029
   22.00  0.0213  0.0216  0.0215  0.0002
   23.00  0.0629  0.0301  0.0465  0.0232
   24.00  0.0345  0.0346  0.0346  0.0001
   25.00  0.0936  0.0907  0.0922  0.0021
   26.00  0.0742  0.0884  0.0813  0.0100
   27.00  0.0536  0.0391  0.0464  0.0103
   28.00  0.0716  0.0919  0.0818  0.0144
   29.00  0.0610  0.0621  0.0616  0.0008
   30.00  0.0503  0.0704  0.0604  0.0142
   31.00  0.0496  0.0539  0.0518  0.0030
