    0.00  0.0657   0.005  0.0072
    1.00  0.0602   0.005  0.0040
    2.00  0.0550   0.005  0.0059
    3.00  0.0526   0.005  0.0076
    4.00  0.0666   0.005  0.0015
    5.00  0.0800   0.005  0.0036
    6.00  0.0999   0.005  0.0166
    7.00  0.0811   0.005  0.0096
    8.00  0.0844   0.005  0.0138
    9.00  0.1428   0.005  0.0060
   10.00  0.1069   0.005  0.0095
   11.00  0.1003   0.005  0.0024
   12.00  0.0800   0.005  0.0083
   13.00  0.1038   0.005  0.0073
   14.00  0.1242   0.005  0.0077
   15.00  0.0719   0.005  0.0049
   16.00  0.0886   0.005  0.0168
   17.00  0.1065   0.005  0.0133
   18.00  0.0814   0.005  0.0078
   19.00  0.0756   0.005  0.0049
   20.00  0.1355   0.005  0.0126
   21.00  0.0927   0.005  0.0069
   22.00  0.0789   0.005  0.0045
   23.00  0.0768   0.005  0.0008
   24.00  0.0859   0.005  0.0051
   25.00  0.0769   0.005  0.0059
   26.00  0.0775   0.005  0.0055
   27.00  0.0881   0.005  0.0061
   28.00  0.0846   0.005  0.0044
   29.00  0.1086   0.005  0.0092
   30.00  0.0933   0.005  0.0048
   31.00  0.0889   0.005  0.0002
