    0.00  0.0802   0.005 0.00005
    1.00  0.0828   0.005 0.00005
    2.00  0.0864   0.005 0.00005
    3.00  0.0890   0.005 0.00005
    4.00  0.0875   0.005 0.00005
    5.00  0.0858   0.005 0.00005
    6.00  0.1152   0.005 0.00005
    7.00  0.0997   0.005 0.00005
    8.00  0.1179   0.005 0.00005
    9.00  0.1037   0.005 0.00005
   10.00  0.2434   0.005 0.00005
   11.00  0.2142   0.005 0.00005
   12.00  0.1160   0.005 0.00005
   13.00  0.1686   0.005 0.00005
   14.00  0.1325   0.005 0.00005
   15.00  0.1321   0.005 0.00005
   16.00  0.1552   0.005 0.00005
   17.00  0.1393   0.005 0.00005
   18.00  0.1220   0.005 0.00005
   19.00  0.1463   0.005 0.00005
   20.00  0.1146   0.005 0.00005
   21.00  0.2013   0.005 0.00005
   22.00  0.1631   0.005 0.00005
   23.00  0.1583   0.005 0.00005
   24.00  0.1636   0.005 0.00005
   25.00  0.1698   0.005 0.00005
   26.00  0.1090   0.005 0.00005
   27.00  0.1138   0.005 0.00005
   28.00  0.1111   0.005 0.00005
   29.00  0.1121   0.005 0.00005
   30.00  0.1095   0.005 0.00005
   31.00  0.1634   0.005 0.00005
